om_tr_1	area_tr_1	om_tr_2	area_tr_2	om_tr_3	area_tr_3	om_tr_4	area_tr_4	om_tr_5	area_tr_5	om_tr_6	area_tr_6	om_tr_7	area_tr_7	om_tr_8	area_tr_8	om_tr_9	area_tr_9	om_tr_10	area_tr_10	om_tr_11	area_tr_11	om_tr_12	area_tr_12	om_tr_13	area_tr_13	om_tr_14	area_tr_14	om_tr_15	area_tr_15	om_tr_16	area_tr_16	om_tr_17	area_tr_17	om_tr_18	area_tr_18	om_tr_19	area_tr_19	om_tr_20	area_tr_20	om_tr_21	area_tr_21	om_tr_22	area_tr_22	om_tr_23	area_tr_23
0.0673209	40950	0.063879	54000	0.0937798	87975	0.0958829	34200	0.0830509	43425	0.0623894	18450	0.0539894	127125	0.0471964	41625	nan	nan	0.0281396	0	0.0332301	25650	0.073098	450	0.0691649	50175	0.0473565	52200	0.0292534	977850	0.0447972	494325	0.0312666	706050	0.0411397	108675	0.0434434	400500	0.0519163	14175	0.0359592	529200	nan	nan	nan	nan
nan	nan	nan	nan	0.094601	66150	0.0941316	31050	0.0800292	13725	0.0606315	2925	0.0516139	104175	nan	nan	nan	nan	nan	nan	nan	nan	nan	nan	nan	nan	nan	nan	nan	nan	nan	nan	nan	nan	nan	nan	nan	nan	nan	nan	0.036768	476550	0.0546179	68625	0.092767	20925
0.0675183	20250	0.0633652	51975	nan	nan	nan	nan	nan	nan	0.0621668	6525	0.0519903	118800	0.0498092	30600	nan	nan	0.0285642	17325	0.0363377	178875	0.0811615	18000	0.0738004	83475	nan	nan	nan	nan	nan	nan	nan	nan	nan	nan	nan	nan	nan	nan	nan	nan	nan	nan	nan	nan
nan	nan	nan	nan	nan	nan	nan	nan	nan	nan	nan	nan	nan	nan	nan	nan	nan	nan	nan	nan	nan	nan	nan	nan	nan	nan	0.0484384	56925	0.0301181	1.25E+06	0.0453485	488700	0.0310124	710325	0.0408985	139725	0.0443077	316800	0.0527861	17100	0.0372739	513900	0.0550179	82800	0.0945676	19575
0.0646731	11925	0.060263	22275	0.0911019	61650	0.0944809	28800	0.0798272	15300	0.0592936	8100	0.0510309	98550	0.0480029	28800	nan	nan	0.0277575	16200	nan	nan	nan	nan	0.074486	51300	0.0489262	70875	0.0304715	1.26E+06	0.0455235	443250	0.0298808	593775	0.0389576	118800	0.0441526	131625	0.05071	11925	0.0373247	448200	0.0529525	70650	0.0954225	24075
nan	nan	0.0562706	6300	0.0863759	46800	0.09112	23850	0.0767543	5625	0.0562962	57150	0.0502332	75150	0.0474214	22275	nan	nan	0.0264048	8550	0.0339917	82125	0.0694107	675	0.0707816	32175	0.0475981	51750	0.0375575	316125	0.045448	364050	0.0353621	52200	0.0400729	137925	0.0430305	109575	0.0505787	15975	0.0369517	369675	0.0520816	34200	0.090191	22050
0.0651121	13500	0.0592879	28350	0.0935675	42525	0.094419	35775	0.0798689	14400	0.0606928	4950	0.0514626	115425	0.0484964	44775	nan	nan	0.0272446	33300	0.0356978	153675	0.0773315	2700	0.0740596	55575	0.0486202	92475	0.0418744	274500	0.0525418	94275	0.0374516	72450	0.0416136	181350	0.0447889	154350	0.0518956	24750	0.0409388	361800	0.0576187	41850	0.114949	2475
0.0663737	25200	0.0598964	33975	0.0936782	48375	0.093907	36900	0.0795986	15750	0.059086	9225	0.0509455	111825	0.0481726	43425	nan	nan	0.0271289	33975	0.0362349	178875	0.076091	4500	0.0736763	57825	0.0479998	81900	0.0408428	262125	0.0520212	102825	0.0367326	55350	0.0396281	145800	0.0438782	126675	0.0512354	42750	nan	nan	0.059366	80550	0.117453	2925
0.0661144	23400	0.0598169	35775	0.0949411	59625	0.0979216	23175	0.0809759	35325	0.0610496	8325	0.051393	123750	0.0485539	58275	nan	nan	0.0271193	71775	0.035898	243000	0.0739072	17550	0.0743595	83250	0.0488085	124200	0.0426472	297675	0.0529227	116775	0.0381495	112725	0.0415011	257625	0.0456329	231975	0.0519232	142650	0.0398703	508950	0.0584423	116100	0.120526	18000
0.0708863	62100	0.0648652	94050	0.101792	14400	0.100188	52200	0.0836645	65025	0.0623822	33750	0.0528452	221400	0.0490654	102600	nan	nan	0.027298	247275	0.0376773	419400	0.076252	36225	0.0753038	133425	0.0484535	221400	0.0439206	388125	0.0539015	347175	0.0387098	359775	0.0427592	665550	0.0462666	439650	0.0539004	338175	0.0427806	794250	0.0622131	292500	0.160753	16875
nan	nan	nan	nan	0.0993874	15975	0.100982	40050	0.0815012	67275	0.0606587	13500	0.0519962	176175	0.0483371	81225	nan	nan	0.0268816	175500	0.0360042	306450	0.0736355	16425	0.0731932	61875	0.0480344	144675	0.0428027	227925	0.052941	118800	0.0382612	159300	0.0412557	283275	0.0450018	299250	0.0513701	145575	0.040487	533925	0.0561659	110475	0.123463	6975
0.0703835	71325	0.0620672	83925	0.0979437	26550	0.100257	39375	0.0814072	60750	0.0605364	21375	0.0520971	193050	0.0482231	86850	nan	nan	0.0266712	206775	0.0359936	360225	0.0730092	17550	0.0724111	81000	0.0485746	225450	0.0432029	260775	0.0523016	149625	0.0374083	159975	0.0405689	218925	0.0447552	396900	0.0520338	172575	0.0394684	583200	0.0534962	108675	0.120355	2250
0.0691655	53100	0.0611162	51975	0.0983694	21375	0.102659	37800	0.0815737	64575	0.0599584	34875	0.0519429	162450	0.0469915	73350	nan	nan	0.0267223	214650	0.0362241	351900	0.0736355	8325	0.0715196	83025	0.0481584	189000	0.0423946	217125	0.051201	111825	0.0362534	76050	0.0391797	146025	0.0435889	239400	0.0501437	111375	0.0386114	517050	0.0519894	90675	0.111263	1350
0.0776793	53775	0.0654717	138600	0.0998362	52200	0.106158	51075	0.083368	103500	0.0609944	79875	0.0536341	242775	0.0473787	139500	nan	nan	0.0269857	398250	0.0383485	429300	0.0755489	11925	0.0729587	135225	0.0498305	252225	0.0444428	236700	0.0523838	145575	0.0376514	174375	0.0404247	260550	0.0446305	353925	0.0522635	168525	0.040824	789525	0.0567182	133650	0.140983	1575
0.0730827	26550	0.0621652	72450	0.098146	33300	0.103246	23850	0.0814288	67950	0.0584593	40950	0.0520258	147150	0.0464458	90900	nan	nan	0.0266573	282150	0.0371763	370125	0.0730092	6525	0.0714299	92475	0.0495079	206775	0.0432411	174150	0.0515177	86175	0.0371931	108675	0.0395396	162675	0.0441667	264150	0.051269	97425	0.0396666	715275	0.0553479	105075	0.12893	2700
0.0757072	42750	0.0636918	130050	0.100162	61875	0.105229	34650	0.082004	101925	0.0581697	97650	0.0523962	155925	0.0451577	122850	nan	nan	0.0268816	404550	0.0376365	409050	0.0704139	6525	0.0712066	96075	0.0497031	191025	0.0431806	135675	0.0509661	68400	0.0368251	107325	0.0389313	134100	0.0443077	255600	0.0505133	58500	0.038621	757350	0.0527967	66825	0.109343	8775
nan	nan	nan	nan	nan	nan	nan	nan	nan	nan	0.0550337	136779	0.0508316	133280	0.0444737	90089.2	nan	nan	0.0257488	284596	0.0353954	299970	0.0653342	7563.75	0.0686837	77771.8	0.0473097	170111	nan	nan	nan	nan	nan	nan	nan	nan	nan	nan	nan	nan	nan	nan	nan	nan	nan	nan
nan	nan	nan	nan	nan	nan	nan	nan	nan	nan	0.0546167	187327	0.0509942	167636	0.0443887	122924	nan	nan	0.0262987	359818	0.0365972	384168	0.0663696	12924	0.0695361	96718	0.0484922	173407	nan	nan	nan	nan	nan	nan	nan	nan	nan	nan	nan	nan	nan	nan	nan	nan	nan	nan
0.067029	71700	0.0609874	75500	0.0976164	62800	0.102413	24300	0.0808292	88300	0.0562558	88900	0.0513898	141400	0.0444815	110300	nan	nan	0.026567	369500	0.0372643	394600	0.0665547	8500	0.069942	81300	0.04911	164600	0.0420356	119500	0.0498318	69300	0.0359491	108000	0.0379238	118600	0.0437083	227600	0.0488663	52200	0.0380767	659800	0.0515077	60000	0.104959	5400
0.0654999	59600	0.0582636	48900	0.0959611	51900	0.100875	20000	0.0797763	78400	0.0560611	82400	0.0512078	136800	0.0442438	110100	nan	nan	0.0263016	351700	0.0363172	361900	0.0644808	6500	0.0694189	72900	0.0486726	143800	0.0414095	94800	0.0493456	63800	0.0357704	99000	0.0376612	114300	0.0434006	213900	0.0483609	47900	0.0371077	626400	0.0499707	46100	0.0970264	2100
0.0680827	79200	0.0611584	82400	0.0978127	73100	0.102305	21100	0.0808799	91400	0.0563157	100800	0.0514439	146600	0.0444552	114500	nan	nan	0.0267627	374600	0.0372948	386900	0.0646555	8600	0.0698885	74900	0.0490342	152000	0.0413318	111900	0.0496253	73000	0.0357722	106000	0.0375813	122600	0.043453	205500	0.0482891	61600	0.0383455	660400	0.0524367	79800	0.103604	9300
0.0678189	92400	0.0615513	138200	0.0973321	62900	0.102198	17800	0.0807218	78300	0.0560069	75200	0.0514258	141300	0.0444671	112100	nan	nan	0.0265261	311700	0.0370574	359300	0.0643478	7100	0.0698504	72700	0.0488403	148000	0.0402742	96900	0.0491081	65700	0.0354747	96900	0.0374949	108400	0.0435823	212600	0.0481912	58900	0.0382128	621100	0.0515881	50200	0.0983319	4400
0.0681257	70700	0.061198	69200	0.0969439	60600	0.101559	16900	0.0798936	70700	0.055855	64300	0.0514181	140400	0.0443148	112900	nan	nan	0.0268356	372900	0.0372922	392400	0.0645424	3300	0.0695319	64700	0.0487903	129200	0.0403271	81300	0.0493852	52400	0.0354592	80600	0.0373672	75300	0.0435843	201600	0.0480463	50000	0.0381947	592100	0.0514894	59200	0.100872	4000
nan	nan	nan	nan	nan	nan	nan	nan	nan	nan	nan	nan	0.0511479	185243	0.0440895	160539	nan	nan	0.026788	403981	0.0369121	401048	0.0641653	7869	0.0694868	82966.8	0.0495022	167330	nan	nan	nan	nan	nan	nan	nan	nan	nan	nan	nan	nan	nan	nan	nan	nan	nan	nan
0.0713423	95400	0.0642248	120500	0.0989438	86600	0.102694	29700	0.0807786	111700	0.0562714	139000	0.0515782	157900	0.0440719	136300	nan	nan	0.0270523	415900	0.037579	403400	0.0650914	8300	0.069581	74800	0.0495529	155000	0.0405325	91100	0.0496439	65900	0.0357223	133100	0.0374888	124400	0.0442658	247400	0.047931	129300	0.0387252	754500	0.0537514	124400	0.106131	21200
